"time" "cases1" "cases2" "cases3"
"1" 1 30468 755 2551
"2" 2 58688 1194 7570
"3" 3 53509 3250 7186
"4" 4 31174 13021 14922
"5" 5 45185 8760 2985
"6" 6 60946 10283 2774
"7" 7 65186 15918 16899
"8" 8 30042 3623 2889
"9" 9 41262 28743 1509
"10" 10 38648 9240 9103
"11" 11 37356 3875 27092
"12" 12 48470 19042 7767
"13" 13 21306 11205 6684
"14" 14 36517 26668 11349
"15" 15 93256 14631 5404
"16" 16 7907 10841 4588
"17" 17 16280 5795 8110
"18" 18 42738 10434 5749
"19" 19 14869 3661 8158
"20" 20 20241 9937 3103
"21" 21 12338 770 2292
"22" 22 11762 6327 1855
"23" 23 4150 2181 2116
"24" 24 12425 1466 2089
"25" 25 16951 3083 5103
"26" 26 4836 1946 1377
"27" 27 7935 2798 680
"28" 28 3619 1504 690
"29" 29 7921 788 893
"30" 30 5020 1188 534
"31" 31 5944 675 523
"32" 32 5432 1123 820
"33" 33 7077 402 176
"34" 34 644 218 296
"35" 35 4408 185 1459
"36" 36 4380 340 878
"37" 37 1081 368 353
"38" 38 1654 138 1172
"39" 39 2134 1688 116
"40" 40 2952 386 391
"41" 41 4748 1701 400
"42" 42 2093 677 44
"43" 43 3134 1338 93
"44" 44 5878 1316 30
"45" 45 2055 1032 256
"46" 46 2551 2152 1113
"47" 47 1905 1218 541
"48" 48 11506 1142 681
"49" 49 17903 611 1238
"50" 50 19619 1905 823
"51" 51 1923 1212 938
"52" 52 8870 2987 267
"53" 53 25437 1872 1955
"54" 54 14166 2096 911
"55" 55 11191 5765 1237
"56" 56 10907 5147 3747
"57" 57 4881 7950 4706
"58" 58 10858 4599 4317
"59" 59 10303 1695 2233
"60" 60 5356 11662 11569
"61" 61 118347 10283 2237
"62" 62 15328 8848 5009
"63" 63 19955 5840 16255
"64" 64 39015 10957 1809
"65" 65 57813 2623 2202
"66" 66 29869 11874 1884
"67" 67 3677 6621 4283
"68" 68 17539 2302 4827
"69" 69 11516 1070 956
"70" 70 22505 16870 1818
"71" 71 3744 3869 928
"72" 72 17872 13323 1268
"73" 73 30155 1844 1749
"74" 74 15615 1133 427
"75" 75 8082 549 3210
"76" 76 13709 5393 1366
"77" 77 7693 3189 725
"78" 78 8935 1133 691
"79" 79 9485 3179 202
"80" 80 9829 403 960
"81" 81 1518 562 824
"82" 82 1041 929 619
"83" 83 4369 601 184
"84" 84 6695 2272 358
"85" 85 1020 111 159
"86" 86 3504 623 123
"87" 87 4410 1108 746
"88" 88 1226 328 845
"89" 89 2972 164 96
"90" 90 1448 843 171
"91" 91 2507 719 440
"92" 92 2137 1040 363
"93" 93 388 1079 632
"94" 94 8171 770 423
"95" 95 5621 1240 194
"96" 96 6267 753 1056
"97" 97 7495 704 493
"98" 98 6340 1380 907
"99" 99 5011 5098 218
"100" 100 9416 2636 1975
"101" 101 16382 3904 1585
"102" 102 6279 3814 3179
"103" 103 5725 1516 615
"104" 104 23986 836 2904
"105" 105 23379 5423 1675
"106" 106 13643 6955 760
"107" 107 5099 7408 4452
"108" 108 104902 5271 105
"109" 109 61757 1054 3245
"110" 110 37036 13190 3900
"111" 111 30431 9147 8063
"112" 112 42451 7043 9248
"113" 113 37807 2607 1283
"114" 114 35054 35273 2110
"115" 115 27249 10965 9958
"116" 116 47127 8343 7172
"117" 117 32319 10200 6876
"118" 118 34620 8292 2026
"119" 119 14528 6553 12360
"120" 120 74497 13701 13988
"121" 121 28339 10204 3607
"122" 122 5003 9407 7364
"123" 123 49946 4368 3956
"124" 124 29188 597 983
"125" 125 25637 8231 3040
"126" 126 10944 4208 4560
"127" 127 33674 1255 1364
"128" 128 8066 521 844
"129" 129 11252 1845 509
"130" 130 1293 2745 1426
"131" 131 13556 561 622
"132" 132 18363 402 3007
"133" 133 2353 1883 324
"134" 134 3983 317 638
"135" 135 14613 1810 228
"136" 136 978 1029 602
"137" 137 1079 795 512
"138" 138 4029 199 547
"139" 139 2925 705 351
"140" 140 792 561 199
"141" 141 2385 1213 92
"142" 142 4600 244 286
"143" 143 2448 486 646
"144" 144 4172 500 560
"145" 145 12171 823 120
"146" 146 6773 1484 375
"147" 147 2955 448 1346
"148" 148 1805 1020 295
"149" 149 17702 1079 41
"150" 150 12168 790 533
"151" 151 5187 220 1709
"152" 152 2576 2075 650
"153" 153 8601 1221 1609
"154" 154 16937 1638 2750
"155" 155 7454 9618 2560
"156" 156 17007 4835 905
"157" 157 10658 3597 3654
"158" 158 24532 5045 5849
"159" 159 13907 1417 1216
"160" 160 32662 1242 2567
"161" 161 9320 13766 985
"162" 162 47666 3329 6095
"163" 163 23413 4638 1648
"164" 164 15193 4390 4700
"165" 165 36892 5310 9229
"166" 166 28292 4708 8646
"167" 167 29979 30176 21773
"168" 168 96966 1754 2748
"169" 169 67928 3959 9783
"170" 170 37294 12974 8949
"171" 171 17261 4793 4536
"172" 172 63013 4115 6430
"173" 173 6923 2269 7149
"174" 174 29983 5729 3234
"175" 175 14144 6371 7640
"176" 176 14998 4896 1068
"177" 177 10122 7342 2007
"178" 178 9847 1938 2232
"179" 179 11432 5407 632
"180" 180 4459 4538 3959
"181" 181 16809 1188 168
"182" 182 4794 4663 355
"183" 183 4969 3241 330
"184" 184 6333 1309 720
"185" 185 3800 836 527
"186" 186 4495 1642 141
"187" 187 2578 1497 283
"188" 188 411 743 265
"189" 189 555 446 317
"190" 190 4042 839 139
"191" 191 2937 1457 198
"192" 192 1341 684 161
"193" 193 1178 435 126
"194" 194 1212 59 252
"195" 195 1904 457 142
"196" 196 966 190 194
"197" 197 650 655 111
"198" 198 3772 334 97
"199" 199 2654 458 700
"200" 200 7646 1065 1190
"201" 201 5570 2216 309
"202" 202 2588 1420 371
"203" 203 612 3348 651
"204" 204 2056 1796 1303
"205" 205 2167 1292 765
"206" 206 2719 2261 1335
"207" 207 20169 1163 1106
"208" 208 7289 10673 2023
"209" 209 13136 3816 1024
"210" 210 2259 661 1597
"211" 211 52707 5580 2216
"212" 212 22635 6900 6691
"213" 213 14094 8242 5195
"214" 214 12077 822 2427
"215" 215 12463 14372 14117
"216" 216 6889 2855 7376
"217" 217 55842 11540 1940
"218" 218 87839 6042 555
"219" 219 50698 6953 3281
"220" 220 16736 13795 4172
"221" 221 68009 27746 4878
"222" 222 60664 20766 3889
"223" 223 13431 8810 8806
"224" 224 12087 2266 3092
"225" 225 36532 9420 4871
"226" 226 53270 4994 1407
"227" 227 36105 3914 4594
"228" 228 11188 5348 1638
"229" 229 7262 3753 2777
"230" 230 14580 4567 1571
"231" 231 15785 1174 1229
"232" 232 3250 1273 634
"233" 233 2367 1623 1035
"234" 234 3715 616 1370
"235" 235 9203 1722 1208
"236" 236 2999 1151 768
"237" 237 1708 2032 890
"238" 238 5689 588 695
"239" 239 1210 1873 580
"240" 240 1599 1742 790
"241" 241 4060 361 224
"242" 242 7930 941 309
"243" 243 895 240 1121
"244" 244 2629 324 684
"245" 245 3047 951 118
"246" 246 2165 829 1382
"247" 247 2988 750 460
"248" 248 8675 1399 379
"249" 249 2122 254 1245
"250" 250 2503 609 943
"251" 251 4493 404 673
"252" 252 2584 105 1047
"253" 253 5262 981 406
"254" 254 3773 457 377
"255" 255 640 1523 1389
"256" 256 2777 712 201
"257" 257 13701 1607 4043
"258" 258 11423 4783 1389
"259" 259 6187 6641 864
"260" 260 9023 2353 3789
"261" 261 18804 2785 3321
"262" 262 26622 2381 3289
"263" 263 16223 11419 714
"264" 264 46108 11814 1331
"265" 265 70475 13063 2254
"266" 266 60614 7974 3083
"267" 267 25736 10538 1618
"268" 268 22999 29800 6822
"269" 269 65052 9567 5948
"270" 270 138851 16190 2451
"271" 271 10382 14726 3776
"272" 272 105576 17642 11910
"273" 273 38260 21112 5877
"274" 274 43355 23475 10677
"275" 275 63470 15102 3826
"276" 276 4859 17455 2323
"277" 277 55926 6787 2234
"278" 278 19936 8469 6728
"279" 279 40140 2918 5119
"280" 280 29772 10998 3582
"281" 281 47367 8927 8953
"282" 282 14022 7517 2236
"283" 283 9311 1047 759
"284" 284 8455 3027 383
"285" 285 7885 1685 1072
"286" 286 5159 2062 1795
"287" 287 15062 3375 2659
"288" 288 5136 3554 970
"289" 289 1222 870 1712
"290" 290 6540 1177 104
"291" 291 1397 1658 744
"292" 292 6457 412 472
"293" 293 1713 218 616
"294" 294 3240 742 244
"295" 295 3638 335 339
"296" 296 3743 436 241
"297" 297 2483 729 579
"298" 298 3432 401 827
"299" 299 4324 1516 210
"300" 300 2842 703 482
"301" 301 2207 225 607
"302" 302 2264 2025 700
"303" 303 9317 183 169
"304" 304 1295 905 643
"305" 305 3966 299 487
"306" 306 3362 896 2076
"307" 307 4781 1677 786
"308" 308 9618 507 90
"309" 309 16737 9789 2565
"310" 310 10133 1439 1786
"311" 311 19492 1976 3290
"312" 312 19121 3956 326
"313" 313 6874 4620 1629
"314" 314 12381 2869 3410
"315" 315 10757 5405 3315
"316" 316 5564 1320 4260
"317" 317 9218 9909 1126
"318" 318 28505 6371 1476
"319" 319 62469 7708 6250
"320" 320 13991 3780 5554
"321" 321 83250 11387 5871
"322" 322 89412 16018 3743
"323" 323 52926 18173 1834
"324" 324 21199 1356 3016
"325" 325 39571 11824 13364
"326" 326 54012 5444 5649
"327" 327 16516 14475 4114
"328" 328 24915 5622 1765
"329" 329 103511 5668 8474
"330" 330 25633 1756 8882
"331" 331 19750 3938 2160
"332" 332 13192 285 1642
"333" 333 10132 8933 6942
"334" 334 4896 7281 932
"335" 335 11810 5037 3685
"336" 336 4676 3807 2132
"337" 337 12940 1242 1278
"338" 338 6240 1600 1058
"339" 339 10970 102 942
"340" 340 12272 1003 2983
"341" 341 15742 819 1442
"342" 342 2865 1295 154
"343" 343 10351 695 182
"344" 344 5046 1583 473
"345" 345 231 846 607
"346" 346 3872 489 777
"347" 347 3011 841 103
"348" 348 4816 478 139
"349" 349 4843 283 103
"350" 350 1626 441 487
"351" 351 1958 563 195
"352" 352 7007 397 199
"353" 353 2976 1305 488
"354" 354 4303 524 280
"355" 355 3421 175 714
"356" 356 2722 697 575
"357" 357 13428 2292 714
"358" 358 5368 775 680
"359" 359 6840 619 347
"360" 360 3217 916 1873
"361" 361 9835 2123 2149
"362" 362 7665 3206 1174
"363" 363 8286 830 1695
"364" 364 25219 1013 822
"365" 365 3618 5878 4450
"366" 366 9986 5848 612
"367" 367 40602 1451 1873
"368" 368 45159 2691 1893
"369" 369 76287 3063 1371
"370" 370 21870 13377 14082
"371" 371 19079 5231 642
"372" 372 12858 1815 2498
"373" 373 100443 17019 9046
"374" 374 36045 9744 2374
"375" 375 9314 16916 4296
"376" 376 27302 4221 7356
"377" 377 84252 2639 6022
"378" 378 90496 16184 5415
"379" 379 16864 5797 12710
"380" 380 30766 13496 3399
"381" 381 37687 4476 9814
"382" 382 33778 18052 2472
"383" 383 13798 14071 564
"384" 384 16699 9722 740
"385" 385 9580 3947 2005
"386" 386 12207 4378 867
"387" 387 8198 6844 924
"388" 388 4770 1247 2923
"389" 389 446 733 848
"390" 390 6616 1147 1911
"391" 391 11028 1587 893
"392" 392 702 842 751
"393" 393 2103 1047 365
"394" 394 4088 403 1255
"395" 395 6303 391 1256
"396" 396 6087 294 94
"397" 397 2685 1266 590
"398" 398 3654 100 273
"399" 399 1384 177 27
"400" 400 2732 206 102
"401" 401 2353 1060 854
"402" 402 5230 71 580
"403" 403 4941 241 825
"404" 404 5732 1011 406
"405" 405 2477 503 425
"406" 406 3973 1435 909
"407" 407 2403 765 402
"408" 408 5751 1159 150
"409" 409 5139 288 612
"410" 410 11084 134 129
"411" 411 6877 599 329
"412" 412 13008 290 1475
"413" 413 13076 1302 892
"414" 414 12370 1921 887
"415" 415 8221 6107 806
"416" 416 5703 1181 656
