"time" "cases1" "cases2" "cases3"
"1" 1 19437 4628 2784
"2" 2 20635 4810 3043
"3" 3 24666 5909 3619
"4" 4 28778 6760 4124
"5" 5 31635 7549 4673
"6" 6 33578 8011 4805
"7" 7 35548 8564 5077
"8" 8 37339 9083 5642
"9" 9 40574 9887 6103
"10" 10 44643 10869 6426
"11" 11 42510 10435 6416
"12" 12 42452 10457 6224
"13" 13 44472 11022 6716
"14" 14 43541 10867 6513
"15" 15 37659 9490 5655
"16" 16 31277 7794 4652
"17" 17 29041 7432 4324
"18" 18 24118 6143 3725
"19" 19 20535 5056 2978
"20" 20 18528 4762 2783
"21" 21 14576 3510 2274
"22" 22 12889 3322 2034
"23" 23 11159 3063 1653
"24" 24 9288 2360 1359
"25" 25 8325 2091 1221
"26" 26 7236 1759 1095
"27" 27 5644 1484 822
"28" 28 5257 1266 729
"29" 29 4468 1089 735
"30" 30 3940 1024 604
"31" 31 3914 937 567
"32" 32 3224 782 485
"33" 33 2918 698 436
"34" 34 2288 531 350
"35" 35 2283 590 386
"36" 36 2375 552 360
"37" 37 2246 566 332
"38" 38 2349 673 337
"39" 39 2390 542 330
"40" 40 2500 595 368
"41" 41 2809 630 350
"42" 42 3055 701 452
"43" 43 3553 867 494
"44" 44 3571 807 579
"45" 45 4294 957 582
"46" 46 5352 1240 734
"47" 47 5868 1410 792
"48" 48 7588 1678 1029
"49" 49 8576 1926 1174
"50" 50 10161 2514 1480
"51" 51 12786 3161 1767
"52" 52 15430 3564 2091
"53" 53 18449 4363 2559
"54" 54 20015 4582 2932
"55" 55 23948 5575 3238
"56" 56 30471 7202 4316
"57" 57 33388 7824 4849
"58" 58 38668 9233 5764
"59" 59 37425 8979 5471
"60" 60 40641 9573 5862
"61" 61 41896 10100 5925
"62" 62 44945 10958 6578
"63" 63 43383 10652 6765
"64" 64 42982 10391 6260
"65" 65 43215 10655 6459
"66" 66 41814 10390 6217
"67" 67 40727 9922 6044
"68" 68 33729 8474 5094
"69" 69 29272 7556 4502
"70" 70 26532 6577 4026
"71" 71 25645 6242 3969
"72" 72 20658 5275 3089
"73" 73 17055 4474 2529
"74" 74 13379 3476 1874
"75" 75 11784 2941 1750
"76" 76 9317 2192 1429
"77" 77 8166 2142 1227
"78" 78 7602 1862 1139
"79" 79 5984 1517 838
"80" 80 6350 1534 902
"81" 81 4567 1135 730
"82" 82 4105 1050 638
"83" 83 4158 935 604
"84" 84 3573 900 515
"85" 85 3105 798 445
"86" 86 2463 560 375
"87" 87 2574 655 404
"88" 88 2550 662 345
"89" 89 2385 580 347
"90" 90 2541 620 401
"91" 91 2424 579 355
"92" 92 2555 677 389
"93" 93 2683 669 347
"94" 94 2635 624 322
"95" 95 3292 852 541
"96" 96 3981 992 619
"97" 97 4139 945 561
"98" 98 4850 1049 659
"99" 99 5417 1326 783
"100" 100 5980 1426 819
"101" 101 6733 1569 981
"102" 102 7621 1724 1045
"103" 103 8004 1962 1183
"104" 104 10113 2317 1410
"105" 105 13082 3070 1969
"106" 106 14243 3234 2001
"107" 107 19177 4452 2674
"108" 108 22035 5165 3039
"109" 109 24323 5517 3424
"110" 110 25958 5904 3598
"111" 111 30712 7276 4294
"112" 112 34051 7816 4764
"113" 113 35114 8319 5040
"114" 114 38460 9175 5656
"115" 115 41837 10242 6013
"116" 116 42157 10169 6153
"117" 117 40601 9630 5874
"118" 118 37312 8845 5452
"119" 119 37475 9185 5485
"120" 120 34493 8716 4967
"121" 121 31413 7836 4715
"122" 122 28422 7129 4373
"123" 123 21907 5323 3306
"124" 124 22328 5250 3299
"125" 125 18505 4618 2834
"126" 126 16062 3839 2371
"127" 127 14010 3524 2278
"128" 128 11909 2939 1702
"129" 129 10353 2495 1455
"130" 130 8939 2199 1379
"131" 131 6760 1589 1083
"132" 132 6391 1644 963
"133" 133 5774 1408 852
"134" 134 5330 1311 878
"135" 135 4733 1126 687
"136" 136 4495 1115 620
"137" 137 4319 1027 655
"138" 138 4055 939 598
"139" 139 3535 889 509
"140" 140 3423 784 499
"141" 141 3513 914 523
"142" 142 3934 1012 525
"143" 143 4242 1016 612
"144" 144 4538 1028 670
"145" 145 4358 905 605
"146" 146 4495 1070 641
"147" 147 5357 1275 806
"148" 148 6320 1440 868
"149" 149 7499 1680 1035
"150" 150 7006 1718 1085
"151" 151 9630 2271 1488
"152" 152 10994 2658 1614
"153" 153 14396 3309 2157
"154" 154 17161 3842 2271
"155" 155 19188 4494 2742
"156" 156 22905 5295 3295
"157" 157 27887 6448 3835
"158" 158 32486 7613 4519
"159" 159 40693 9322 5680
"160" 160 44497 10489 6322
"161" 161 49860 11744 7237
"162" 162 58903 14105 8728
"163" 163 60184 14469 8839
"164" 164 59094 14629 8726
"165" 165 65884 16376 10037
"166" 166 69955 17248 10428
"167" 167 68061 17171 10123
"168" 168 57996 14896 8993
"169" 169 54824 14281 8436
"170" 170 49564 12715 7892
"171" 171 46189 12175 7217
"172" 172 37430 9760 5981
"173" 173 32155 8144 4991
"174" 174 29068 7937 4631
"175" 175 24428 6282 3901
"176" 176 17997 4849 2927
"177" 177 15519 4063 2525
"178" 178 13043 3296 2051
"179" 179 10758 2807 1717
"180" 180 9283 2464 1436
"181" 181 7682 2008 1170
"182" 182 5883 1394 865
"183" 183 5183 1323 780
"184" 184 4587 1166 761
"185" 185 3836 971 635
"186" 186 3468 865 511
"187" 187 3225 796 468
"188" 188 2527 598 407
"189" 189 2606 670 422
"190" 190 2310 550 299
"191" 191 2408 532 357
"192" 192 2123 529 310
"193" 193 2098 501 331
"194" 194 2249 580 346
"195" 195 2217 510 289
"196" 196 2402 604 378
"197" 197 2303 592 304
"198" 198 2337 523 343
"199" 199 2769 630 343
"200" 200 2924 729 467
"201" 201 3328 830 457
"202" 202 3906 935 560
"203" 203 4305 1021 682
"204" 204 5416 1370 820
"205" 205 7422 1740 1050
"206" 206 7567 1697 1052
"207" 207 9374 2048 1316
"208" 208 10935 2562 1601
"209" 209 11710 2790 1730
"210" 210 13248 3031 1937
"211" 211 15874 3732 2147
"212" 212 14802 3465 1934
"213" 213 17135 4075 2465
"214" 214 18204 4370 2607
"215" 215 26734 6301 3814
"216" 216 28632 6772 4127
"217" 217 27675 6714 3875
"218" 218 30681 7288 4630
"219" 219 33470 8113 4876
"220" 220 30955 7508 4308
"221" 221 28161 6823 3985
"222" 222 31937 7747 4636
"223" 223 31257 7668 4620
"224" 224 28878 7085 4318
"225" 225 25114 6022 3629
"226" 226 23659 5687 3434
"227" 227 19815 5055 2955
"228" 228 17946 4274 2509
"229" 229 15036 3630 2214
"230" 230 11798 2845 1709
"231" 231 9965 2410 1402
"232" 232 7745 1949 1092
"233" 233 6683 1657 1010
"234" 234 6262 1411 912
"235" 235 5779 1384 847
"236" 236 4977 1113 636
"237" 237 4589 1093 632
"238" 238 4148 926 608
"239" 239 3142 721 423
"240" 240 3063 757 456
"241" 241 2875 737 462
"242" 242 2999 750 453
"243" 243 2777 734 374
"244" 244 2919 672 427
"245" 245 3603 866 509
"246" 246 3729 886 506
"247" 247 3318 750 482
"248" 248 3764 897 533
"249" 249 4084 941 556
"250" 250 4249 984 637
"251" 251 5015 1193 842
"252" 252 6573 1490 958
"253" 253 6244 1439 937
"254" 254 7659 1805 1003
"255" 255 10036 2350 1413
"256" 256 10674 2519 1536
"257" 257 13568 2939 1795
"258" 258 16502 3890 2272
"259" 259 17623 4091 2406
"260" 260 21051 4804 2904
"261" 261 22475 5316 3134
"262" 262 28490 6780 4006
"263" 263 30094 7298 4206
"264" 264 31414 7292 4525
"265" 265 37194 8943 5439
"266" 266 39100 9363 5685
"267" 267 46109 10756 6488
"268" 268 51493 12331 7499
"269" 269 50170 11870 7211
"270" 270 54479 13113 8048
"271" 271 61419 15088 9187
"272" 272 61058 14764 8961
"273" 273 59284 14769 9224
"274" 274 57117 14273 8809
"275" 275 48838 12717 7478
"276" 276 41457 10366 6115
"277" 277 37319 9483 5677
"278" 278 37134 9462 5850
"279" 279 29960 7535 4526
"280" 280 22377 5786 3678
"281" 281 18365 4765 2946
"282" 282 19013 4859 2844
"283" 283 14999 3918 2292
"284" 284 12761 3390 2042
"285" 285 10223 2549 1658
"286" 286 9210 2353 1437
"287" 287 8068 2113 1210
"288" 288 7113 1931 1184
"289" 289 5820 1299 919
"290" 290 5583 1404 898
"291" 291 4416 1147 636
"292" 292 3708 966 606
"293" 293 3616 964 607
"294" 294 3437 848 514
"295" 295 3432 847 520
"296" 296 3005 736 481
"297" 297 2470 545 390
"298" 298 2552 565 346
"299" 299 2630 703 439
"300" 300 2873 625 431
"301" 301 2731 721 350
"302" 302 2814 663 423
"303" 303 3079 715 464
"304" 304 3349 817 561
"305" 305 3645 872 577
"306" 306 4637 991 568
"307" 307 5899 1364 855
"308" 308 5992 1485 867
"309" 309 7130 1749 969
"310" 310 10271 2303 1444
"311" 311 10239 2408 1354
"312" 312 12862 2926 1822
"313" 313 15661 3826 2258
"314" 314 16879 3922 2356
"315" 315 19242 4438 2705
"316" 316 21523 4996 2996
"317" 317 26379 6190 3789
"318" 318 30454 7226 4252
"319" 319 39340 9036 5463
"320" 320 36726 8647 5272
"321" 321 42910 10501 6273
"322" 322 48455 11590 6958
"323" 323 46266 11328 6923
"324" 324 47965 11875 7071
"325" 325 47152 11799 7014
"326" 326 48828 12087 7261
"327" 327 43155 10560 6592
"328" 328 40649 10085 5883
"329" 329 34994 9003 5122
"330" 330 31987 8066 4739
"331" 331 26698 6807 4118
"332" 332 21851 5360 3354
"333" 333 20361 5041 3281
"334" 334 17193 4378 2742
"335" 335 14268 3651 2082
"336" 336 11152 2698 1804
"337" 337 9483 2424 1470
"338" 338 9058 2221 1377
"339" 339 8012 2038 1195
"340" 340 6952 1750 1041
"341" 341 5756 1355 828
"342" 342 4849 1096 655
"343" 343 3907 933 586
"344" 344 3814 997 583
"345" 345 3531 975 572
"346" 346 2985 712 463
"347" 347 3347 743 418
"348" 348 2620 645 362
"349" 349 3002 637 449
"350" 350 2969 748 419
"351" 351 2457 652 379
"352" 352 2615 645 410
"353" 353 3091 680 379
"354" 354 2966 689 426
"355" 355 3234 788 465
"356" 356 3950 970 551
"357" 357 4525 1115 635
"358" 358 5259 1280 734
"359" 359 5835 1384 870
"360" 360 6222 1553 907
"361" 361 7351 1776 1022
"362" 362 8739 2143 1165
"363" 363 10918 2570 1585
"364" 364 12726 2910 1684
"365" 365 12748 3103 1912
"366" 366 16233 3908 2289
"367" 367 18925 4419 2628
"368" 368 22547 5193 3251
"369" 369 28951 6788 4047
"370" 370 31987 7270 4559
"371" 371 34588 8383 4919
"372" 372 36153 8419 5040
"373" 373 40764 9712 6085
"374" 374 47046 11136 7050
"375" 375 50025 12135 7305
"376" 376 48293 11444 7107
"377" 377 42523 10076 6071
"378" 378 39245 9630 6009
"379" 379 39802 9867 5683
"380" 380 33311 8395 5127
"381" 381 32333 7992 4515
"382" 382 26905 6670 4146
"383" 383 25620 6108 3893
"384" 384 21101 5274 3112
"385" 385 18149 4587 2803
"386" 386 13838 3429 2035
"387" 387 11497 2964 1803
"388" 388 10148 2431 1512
"389" 389 7726 1857 1144
"390" 390 6420 1546 981
"391" 391 5346 1347 827
"392" 392 4505 1027 640
"393" 393 3776 958 596
"394" 394 3405 850 480
"395" 395 3248 741 527
"396" 396 2454 599 333
"397" 397 2391 538 344
"398" 398 2429 557 360
"399" 399 1988 482 295
"400" 400 2242 586 349
"401" 401 2440 568 341
"402" 402 2515 586 392
"403" 403 2604 629 371
"404" 404 2899 713 431
"405" 405 3166 738 388
"406" 406 3264 788 421
"407" 407 3633 825 518
"408" 408 3858 884 559
"409" 409 4155 1010 553
"410" 410 4503 1088 624
"411" 411 5469 1284 771
"412" 412 6178 1395 868
"413" 413 8652 1873 1136
"414" 414 9180 2206 1306
"415" 415 11223 2698 1619
"416" 416 13987 3336 1839
