"time" "cases1" "cases2" "cases3"
"1" 1 17827 5874 1687
"2" 2 50749 6692 719
"3" 3 15075 4378 2005
"4" 4 45925 10567 4599
"5" 5 12113 4835 3888
"6" 6 38221 7222 2953
"7" 7 30862 11341 2868
"8" 8 26779 8997 4386
"9" 9 80595 8342 7135
"10" 10 33806 1763 3987
"11" 11 11052 6914 1376
"12" 12 32158 11148 8613
"13" 13 26618 11438 5811
"14" 14 68353 6401 7692
"15" 15 10882 16928 4704
"16" 16 42212 6014 1292
"17" 17 19467 8219 5842
"18" 18 22134 1528 1979
"19" 19 27993 4383 6080
"20" 20 18775 4242 2605
"21" 21 21288 7231 3321
"22" 22 24177 5504 505
"23" 23 13594 1263 1973
"24" 24 6398 1415 480
"25" 25 6604 1096 3686
"26" 26 9105 2095 1589
"27" 27 6686 284 287
"28" 28 8112 1892 551
"29" 29 5087 1048 336
"30" 30 8671 605 1238
"31" 31 3996 285 713
"32" 32 2957 571 149
"33" 33 515 224 1517
"34" 34 1999 333 317
"35" 35 3263 372 192
"36" 36 1871 419 503
"37" 37 1209 170 656
"38" 38 344 559 904
"39" 39 1461 268 144
"40" 40 513 746 569
"41" 41 1727 395 181
"42" 42 2435 865 260
"43" 43 1049 1350 284
"44" 44 5723 993 514
"45" 45 3939 1127 333
"46" 46 5760 617 1200
"47" 47 6063 1736 408
"48" 48 8416 1162 796
"49" 49 2828 1316 801
"50" 50 9712 1786 2557
"51" 51 5567 2939 1344
"52" 52 13130 3105 3981
"53" 53 28741 5279 4820
"54" 54 7110 5483 520
"55" 55 41643 3408 1926
"56" 56 36634 9528 2365
"57" 57 42214 4760 6874
"58" 58 34990 4835 5555
"59" 59 44650 11830 5064
"60" 60 35961 3622 12386
"61" 61 99820 7382 4794
"62" 62 33881 24707 6798
"63" 63 57317 6416 5708
"64" 64 65576 5952 2302
"65" 65 61361 5782 3587
"66" 66 31001 11060 8221
"67" 67 64793 13212 8477
"68" 68 29147 11343 6891
"69" 69 5045 3063 4031
"70" 70 8936 7863 6687
"71" 71 8562 4321 3260
"72" 72 21215 2089 1849
"73" 73 1108 3348 2053
"74" 74 2358 1461 2118
"75" 75 9697 2904 1987
"76" 76 1055 2738 1426
"77" 77 11145 1714 953
"78" 78 10567 1828 2660
"79" 79 8026 1074 1192
"80" 80 5443 3471 664
"81" 81 12308 2124 799
"82" 82 1527 515 1407
"83" 83 4166 935 598
"84" 84 6502 371 1669
"85" 85 911 1284 307
"86" 86 1988 929 439
"87" 87 8484 969 406
"88" 88 545 729 644
"89" 89 2732 547 121
"90" 90 1378 538 275
"91" 91 3766 681 426
"92" 92 161 758 151
"93" 93 1291 429 530
"94" 94 560 796 219
"95" 95 4459 716 870
"96" 96 1885 1167 718
"97" 97 5180 408 726
"98" 98 5840 1758 300
"99" 99 5287 2100 387
"100" 100 7087 1470 603
"101" 101 4189 662 1146
"102" 102 10565 2349 1270
"103" 103 8364 1827 950
"104" 104 18990 2236 1769
"105" 105 7762 9117 699
"106" 106 15693 1299 591
"107" 107 9429 3904 1210
"108" 108 20572 6284 2810
"109" 109 23751 12235 2298
"110" 110 29975 11123 2201
"111" 111 40618 5116 4607
"112" 112 39101 5631 1566
"113" 113 40142 8992 3209
"114" 114 44870 8336 4976
"115" 115 56211 12211 7673
"116" 116 5862 4812 3060
"117" 117 62977 2337 4422
"118" 118 49858 7591 5978
"119" 119 59976 11917 9946
"120" 120 40090 2380 5540
"121" 121 9303 10086 690
"122" 122 7196 8923 2378
"123" 123 15384 7001 1259
"124" 124 22544 10490 1636
"125" 125 9558 7971 4360
"126" 126 11596 4822 3270
"127" 127 18446 3321 3402
"128" 128 3916 4108 1217
"129" 129 4579 1703 420
"130" 130 4470 1134 1439
"131" 131 4417 1378 1148
"132" 132 3452 1220 480
"133" 133 4033 1147 106
"134" 134 2268 227 1189
"135" 135 3758 671 246
"136" 136 3040 982 854
"137" 137 7126 1018 515
"138" 138 3941 475 270
"139" 139 2527 360 586
"140" 140 2674 1464 394
"141" 141 1084 1284 810
"142" 142 3115 748 758
"143" 143 5650 541 454
"144" 144 967 664 562
"145" 145 1507 357 527
"146" 146 7804 608 678
"147" 147 4346 1291 894
"148" 148 6957 2733 477
"149" 149 12449 1673 1335
"150" 150 4056 2498 988
"151" 151 5556 4598 469
"152" 152 4064 4150 476
"153" 153 15830 4361 1602
"154" 154 27551 5391 2157
"155" 155 12130 5023 2628
"156" 156 4969 9675 661
"157" 157 7457 13927 912
"158" 158 10986 10391 3397
"159" 159 22991 21624 1701
"160" 160 30118 7124 6522
"161" 161 21244 3617 5088
"162" 162 79808 13723 15782
"163" 163 42837 1555 16580
"164" 164 97906 10301 11609
"165" 165 54167 16325 7669
"166" 166 93755 9853 18397
"167" 167 24561 20564 5972
"168" 168 60273 17753 2002
"169" 169 56354 13775 20661
"170" 170 37796 12816 5073
"171" 171 62711 7245 9581
"172" 172 48924 11710 3289
"173" 173 30764 690 6732
"174" 174 16083 7885 6262
"175" 175 15696 2861 4490
"176" 176 15894 5089 2424
"177" 177 10388 2552 1503
"178" 178 32372 2374 1642
"179" 179 2400 3395 910
"180" 180 2778 4921 2151
"181" 181 2287 1626 913
"182" 182 3364 1218 237
"183" 183 5343 968 806
"184" 184 2562 3207 405
"185" 185 2623 668 484
"186" 186 2114 532 362
"187" 187 4922 1424 519
"188" 188 2169 740 399
"189" 189 2837 503 138
"190" 190 2003 512 189
"191" 191 5503 420 988
"192" 192 1241 1514 487
"193" 193 2158 828 331
"194" 194 1473 632 440
"195" 195 1607 755 359
"196" 196 2113 423 380
"197" 197 2357 709 307
"198" 198 618 1211 275
"199" 199 2661 677 221
"200" 200 4371 860 680
"201" 201 2738 1117 305
"202" 202 5627 780 366
"203" 203 5968 1317 1678
"204" 204 3283 1046 263
"205" 205 3844 1624 1135
"206" 206 10195 999 961
"207" 207 4943 1780 660
"208" 208 3917 2292 1109
"209" 209 6548 2469 1456
"210" 210 30918 4929 2531
"211" 211 7283 1840 1298
"212" 212 25733 2571 1392
"213" 213 18562 2631 1803
"214" 214 11739 3582 4309
"215" 215 11072 8395 4366
"216" 216 23999 5195 5323
"217" 217 43291 11506 3949
"218" 218 44733 4497 5367
"219" 219 39541 9148 1485
"220" 220 9849 11369 8032
"221" 221 37588 4785 3292
"222" 222 28454 9590 2035
"223" 223 14414 4367 6674
"224" 224 16629 10213 953
"225" 225 40853 2256 3713
"226" 226 21691 4072 3767
"227" 227 12653 2961 1329
"228" 228 34032 5640 3565
"229" 229 15352 1652 3557
"230" 230 16795 1427 2096
"231" 231 9292 1326 801
"232" 232 8121 1835 713
"233" 233 16615 1157 799
"234" 234 2202 289 1001
"235" 235 3567 715 1377
"236" 236 3835 345 1377
"237" 237 5193 1428 634
"238" 238 2282 1193 1083
"239" 239 3618 760 338
"240" 240 3563 194 380
"241" 241 2480 322 759
"242" 242 4745 754 265
"243" 243 2577 1180 647
"244" 244 3707 366 984
"245" 245 1625 619 253
"246" 246 4895 1679 478
"247" 247 2643 1136 539
"248" 248 2498 809 305
"249" 249 6531 838 405
"250" 250 5103 986 682
"251" 251 11031 1412 369
"252" 252 1791 3739 647
"253" 253 5320 1798 1947
"254" 254 3436 2101 1300
"255" 255 13072 3194 476
"256" 256 8311 1686 1572
"257" 257 18048 1836 1021
"258" 258 15271 5227 996
"259" 259 24100 9328 4246
"260" 260 4714 6443 2576
"261" 261 33949 10374 3673
"262" 262 58717 4468 3254
"263" 263 26733 5759 10626
"264" 264 29417 10754 8362
"265" 265 19596 3943 2010
"266" 266 69877 8987 8494
"267" 267 20337 16186 4438
"268" 268 39266 11566 3920
"269" 269 42701 13819 3626
"270" 270 185599 23214 8672
"271" 271 81304 11047 3954
"272" 272 68099 13471 5370
"273" 273 58661 16627 7196
"274" 274 41605 9076 10140
"275" 275 40930 11236 8333
"276" 276 40559 14127 2973
"277" 277 51942 8201 3066
"278" 278 56513 9491 9366
"279" 279 58515 10307 2900
"280" 280 4249 5265 3369
"281" 281 16030 4477 2591
"282" 282 31013 11088 4038
"283" 283 16364 2169 1196
"284" 284 8120 3518 436
"285" 285 6365 2410 544
"286" 286 19093 922 1725
"287" 287 16955 3116 769
"288" 288 10383 3347 542
"289" 289 2967 1005 899
"290" 290 6767 1242 476
"291" 291 3340 887 343
"292" 292 4703 986 890
"293" 293 1252 1040 336
"294" 294 7563 544 439
"295" 295 5634 293 1060
"296" 296 1611 435 600
"297" 297 1541 1098 156
"298" 298 1155 279 810
"299" 299 1704 454 433
"300" 300 2046 471 464
"301" 301 1579 470 400
"302" 302 7231 622 451
"303" 303 2583 595 409
"304" 304 4228 1194 619
"305" 305 8417 1014 179
"306" 306 1111 497 646
"307" 307 9006 1650 144
"308" 308 4476 1956 1732
"309" 309 3211 2512 475
"310" 310 12173 3494 1206
"311" 311 6292 2064 972
"312" 312 8031 2617 3207
"313" 313 32404 823 3732
"314" 314 6956 8144 1828
"315" 315 11319 3048 988
"316" 316 7520 9140 1873
"317" 317 42794 5327 4575
"318" 318 7788 7015 788
"319" 319 16844 11364 3007
"320" 320 60652 8898 8179
"321" 321 20946 19858 1155
"322" 322 21612 3921 9245
"323" 323 62462 12694 15522
"324" 324 46331 11853 8437
"325" 325 11407 11766 5818
"326" 326 35425 8955 1171
"327" 327 20920 9063 2565
"328" 328 15296 875 12672
"329" 329 18185 18607 6132
"330" 330 34727 5527 7676
"331" 331 21566 8480 9588
"332" 332 21037 1072 5877
"333" 333 11885 5724 2723
"334" 334 11471 3104 4610
"335" 335 11842 2448 366
"336" 336 4343 2524 1360
"337" 337 8296 2492 2046
"338" 338 3624 2202 1093
"339" 339 14474 274 458
"340" 340 8215 1352 2868
"341" 341 4488 1596 2628
"342" 342 2149 1743 1071
"343" 343 3415 748 477
"344" 344 3225 902 1946
"345" 345 2232 725 274
"346" 346 1835 1092 1057
"347" 347 6586 880 332
"348" 348 3489 336 379
"349" 349 1511 453 398
"350" 350 2569 821 288
"351" 351 2183 1501 118
"352" 352 1768 461 306
"353" 353 2871 665 319
"354" 354 2335 398 243
"355" 355 2858 1057 572
"356" 356 5663 722 403
"357" 357 6692 1487 183
"358" 358 4113 1524 282
"359" 359 2495 1995 2172
"360" 360 7211 1900 710
"361" 361 6314 3614 806
"362" 362 8640 2087 1241
"363" 363 4720 1523 679
"364" 364 22776 1196 818
"365" 365 5970 2794 1632
"366" 366 11210 1103 2795
"367" 367 7946 2951 4396
"368" 368 9450 5368 5103
"369" 369 34419 2918 9033
"370" 370 33848 9218 2000
"371" 371 8317 7997 6144
"372" 372 59393 4131 4678
"373" 373 7248 11878 5633
"374" 374 104978 7944 5591
"375" 375 31435 19819 8373
"376" 376 41910 5174 3724
"377" 377 63999 10393 4907
"378" 378 3595 3311 5969
"379" 379 42758 10872 5566
"380" 380 45325 6843 2118
"381" 381 21032 6724 1119
"382" 382 36399 5739 555
"383" 383 21802 3391 3316
"384" 384 48280 5032 2806
"385" 385 19337 4046 2023
"386" 386 22215 1681 2030
"387" 387 8884 850 2943
"388" 388 13031 1392 660
"389" 389 17564 1318 1113
"390" 390 8373 5180 1131
"391" 391 2773 1450 658
"392" 392 1317 801 734
"393" 393 4168 1782 1123
"394" 394 3720 553 661
"395" 395 2286 260 380
"396" 396 1984 1266 148
"397" 397 3180 298 256
"398" 398 812 373 191
"399" 399 1601 382 233
"400" 400 2497 642 322
"401" 401 1162 419 595
"402" 402 1745 775 75
"403" 403 2645 794 316
"404" 404 1492 748 346
"405" 405 2111 735 221
"406" 406 3432 452 496
"407" 407 3278 779 672
"408" 408 1844 1086 1083
"409" 409 4134 1061 1033
"410" 410 2789 1636 513
"411" 411 1299 1145 635
"412" 412 2358 1941 399
"413" 413 3174 3492 451
"414" 414 10457 573 615
"415" 415 3472 4856 1228
"416" 416 35080 2313 1698
